2

30 30
150
21 24
10 15
16 8
18 25
5 23
11 29
27 19
0 12
13 14
3 6
2 20
28 9
7 26
22 17
1 4
11 14
8 22
15 5
18 2
12 13
29 25
4 7
16 0
26 17
23 3
21 10
28 24
19 9
20 6
27 1
14 19
29 2
26 12
1 22
11 7
16 20
0 17
10 8
27 5
18 15
23 28
21 13
6 25
4 24
9 3
5 17
27 8
23 0
24 16
28 26
6 3
10 2
22 1
13 18
7 9
12 4
29 15
20 19
11 14
21 25
1 16
19 12
20 25
11 14
18 21
10 6
15 17
2 4
7 24
29 23
22 9
26 28
13 8
5 27
0 3
0 21
29 3
6 24
17 7
10 20
22 9
16 2
11 23
1 19
25 26
27 12
4 13
18 28
5 8
15 14
9 1
26 15
4 19
17 18
13 8
21 25
12 16
28 7
0 10
3 11
6 27
14 20
22 2
24 5
23 29
22 29
5 17
21 23
10 14
8 27
2 13
6 20
24 12
9 25
0 15
4 1
3 28
16 19
18 11
26 7
15 22
26 10
2 29
20 6
16 5
17 18
9 11
1 4
25 7
19 28
21 0
3 12
27 13
24 23
8 14
4 18
10 17
2 0
22 7
13 25
12 11
26 1
6 24
16 8
28 9
19 27
21 29
14 3
23 20
15 5
15 5

15 15
56
2 8
6 1
5 4
14 0
3 12
7 13
10 11
9 8
14 13
5 4
10 0
7 11
6 3
1 9
12 2
0 6
12 13
7 10
2 14
8 11
1 3
5 4
9 3
5 9
0 6
8 4
7 1
11 13
12 2
14 10
14 13
1 5
10 2
8 7
9 0
12 4
11 3
6 11
7 10
9 2
12 6
8 14
1 4
5 13
3 0
1 6
14 3
8 0
4 9
10 2
11 13
7 12
5 14
10 1
