5

50 50
26
8 5
28 44
34 14
33 24
28 21
13 33
40 46
24 3
24 4
24 5
24 6
10 24
16 31
17 31
34 21
9 39
40 45
41 45
35 4
39 21
15 1
42 36
23 8
9 35
16 19
16 20
70 7

70 70
55
19 67
28 69
7 4
24 12
29 20
18 8
25 9
49 48
60 33
36 17
26 21
54 10
40 2
40 3
66 53
55 61
56 27
43 52
22 63
65 15
16 62
32 41
46 42
46 41
44 31
6 45
38 50
11 23
59 47
37 51
68 39
35 58
5 64
57 34
3 14
1 30
2 30
3 30
0 13
24 63
37 27
38 12
13 8
5 7
5 8
33 59
30 57
61 48
47 40
67 69
58 43
45 10
46 16
17 49
34 68
100 5

25 25
15
14 8
17 12
17 13
11 3
24 9
1 5
0 5
0 6
18 23
4 13
16 22
17 22
7 2
8 1
0 10
10 1

30 30
25
24 6
10 21
11 23
19 15
25 27
26 0
17 18
2 7
4 16
22 1
29 14
13 12
9 5
8 3
28 20
11 27
6 7
16 2
21 24
14 12
1 0
3 20
9 4
22 23
29 5
50 2

50 50
20
26 1
49 29
27 34
47 6
12 23
28 5
35 20
19 31
27 21
3 30
36 28
41 47
14 47
19 40
36 1
13 30
30 38
36 10
28 43
35 44
200 1
